Sample from clique_2

#######################
Closely Related Vectors
#######################
Cosine Similarity:
103624466	0.981558993148	17529479

Topic Distribution:

103624466[(11, 0.10490476590744538), (16, 0.11431212924540303), (18, 0.015002171126681936), (26, 0.036325452484373418), (50, 0.033472934306159066), (53, 0.037631504763710008), (56, 0.013749097975339311), (61, 0.020428999573077596), (64, 0.077193976401793291), (65, 0.016208765747893747), (71, 0.27668530906885025), (72, 0.017026811724083154), (76, 0.015915116110787806), (94, 0.049394477517655432), (96, 0.016713559344175826)]

17529479[(11, 0.095632077226983012), (14, 0.012022419313563421), (16, 0.11833035199443329), (18, 0.010507281394872984), (26, 0.036985303975068183), (39, 0.018311346567869927), (43, 0.015808003396910689), (45, 0.01108073361149552), (53, 0.019328821585188217), (56, 0.014281964734455609), (61, 0.012558730698588191), (64, 0.073937676679928954), (65, 0.017707055804446575), (71, 0.25913874270683041), (72, 0.014185330065761012), (74, 0.021768774166024959), (76, 0.041181659409720087), (94, 0.029420061090928908), (96, 0.019251622099414143)]

#######################
Distant Related Vectors
#######################
Cosine Similarity:
371881449	0.369350582714	849856862

Topic Distribution:

371881449[(10, 0.010471815189116577), (11, 0.05463917421880269), (16, 0.11649059335643573), (26, 0.071554763778242519), (45, 0.052625227250253141), (50, 0.014321806964431465), (53, 0.037280579073808877), (56, 0.028527237940094145), (64, 0.018114243805577895), (71, 0.41238339715159239), (94, 0.018747538272911427)]

849856862[(3, 0.026581518562156538), (11, 0.06837979419812025), (16, 0.20904001215745074), (18, 0.043539188582496544), (26, 0.010498097436415265), (50, 0.016726455868984327), (53, 0.023784342468767622), (56, 0.018489125054819498), (65, 0.042960693160174777), (71, 0.058926819584839793), (76, 0.11062607167825464), (94, 0.23671986727743363), (96, 0.066062497193028952)]

